4,3
4,2
4,1
4,0
3,6
3,5
3,4
3,3
3,2
3,1
3,0
2,2
1,2
0,243
9,1
9,3
9,0
16,1
16,3
16,0
55,1
55,3
0,357
55,0
1,1
1,3
1,0
2,1
2,9
2,3
2,0
0,9
0,310
0,305
0,308
0,304
0,303
0,302
0,307
0,12
0,356
0,10
0,8
0,0
0,428
0,300
0,405
0,299
0,343
0,298
0,447
0,297
0,424
0,296
0,348
0,295
0,313
0,294
0,421
0,293
0,420
0,292
0,363
0,291
0,418
0,290
0,417
0,289
0,416
0,288
0,415
0,287
0,409
0,286
0,413
0,285
0,432
0,284
0,411
0,283
0,390
0,282
0,425
0,281
0,407
0,280
0,406
0,279
0,419
0,278
0,404
0,277
0,362
0,276
0,364
0,275
0,423
0,274
0,400
0,273
0,272
0,271
0,397
0,270
0,396
0,269
0,395
0,268
0,394
0,267
0,437
0,266
0,375
0,265
0,392
0,264
0,391
0,263
0,262
0,360
0,261
0,377
0,260
0,306
0,259
0,435
0,258
0,335
0,257
0,374
0,256
0,370
0,255
0,385
0,254
0,347
0,253
0,252
0,389
0,251
0,371
0,250
0,358
0,249
0,312
0,248
0,345
0,247
0,431
0,246
0,440
0,245
0,373
0,244
0,352
0,242
0,430
0,241
0,444
0,240
0,438
0,239
0,379
0,238
0,378
0,237
0,344
0,236
0,368
0,235
0,412
0,234
0,336
0,233
0,410
0,232
0,354
0,231
0,339
0,230
0,403
0,229
0,443
0,228
0,372
0,227
0,342
0,226
0,434
0,225
0,442
0,224
0,338
0,223
0,384
0,222
0,369
0,221
0,332
0,220
0,439
0,219
0,388
0,218
0,429
0,217
0,353
0,216
0,402
0,215
0,446
0,214
0,433
0,213
0,321
0,212
0,427
0,211
0,355
0,210
0,383
0,209
0,441
0,208
0,351
0,207
0,318
0,206
0,382
0,205
0,341
0,204
0,340
0,203
0,346
0,202
0,386
0,201
0,337
0,200
0,414
0,199
0,320
0,198
0,334
0,197
0,333
0,196
0,315
0,195
